Col1,wPre,Type
0.004,0.49166667,/
0.013,0.82500000,/
0.026,0.87500000,/
0.041,0.89444444,/
0.056,0.86944444,/
0.070,0.83611111,/
0.084,0.82777778,/
0.098,0.82222222,/
0.112,0.85277778,/
0.126,0.86666667,/
0.140,0.87222222,/
0.155,0.87222222,/
0.169,0.86111111,/
0.184,0.82222222,/
0.198,0.81388889,/
0.211,0.83333333,/
0.225,0.86111111,/
0.239,0.88888889,/
0.254,0.87222222,/
0.269,0.84722222,/
0.283,0.82777778,/
0.297,0.84722222,/
0.311,0.83611111,/
0.325,0.84722222,/
0.339,0.87500000,/
0.353,0.86944444,/
0.368,0.85555556,/
0.382,0.82500000,/
0.396,0.81666667,/
0.409,0.82500000,/
0.423,0.88888889,/
0.438,0.88611111,/
0.453,0.85833333,/
0.467,0.85555556,/
0.481,0.82222222,/
0.495,0.83333333,/
0.509,0.83611111,/
0.523,0.85833333,/
0.537,0.87222222,/
0.552,0.89444444,/
0.567,0.85000000,/
0.581,0.81388889,/
0.594,0.82222222,/
0.608,0.82222222,/
0.622,0.87777778,/
0.636,0.89166667,/
0.651,0.87500000,/
0.666,0.84722222,/
0.680,0.84166667,/
0.694,0.82500000,/
0.708,0.81944444,/
0.721,0.85000000,/
0.736,0.87777778,/
0.750,0.88055556,/
0.765,0.86666667,/
0.779,0.81666667,/
0.793,0.81388889,/
0.807,0.85000000,/
0.821,0.86666667,/
0.835,0.87500000,/
0.850,0.87222222,/
0.864,0.85277778,/
0.878,0.83611111,/
0.892,0.83333333,/
0.906,0.82222222,/
0.920,0.83611111,/
0.934,0.89166667,/
0.949,0.88611111,/
0.964,0.85277778,/
0.978,0.82500000,/
0.992,0.82777778,/
1.005,0.83055556,/
1.019,0.87222222,/
1.034,0.87500000,/
1.048,0.86944444,/
1.063,0.86388889,/
1.077,0.84444444,/
1.091,0.82222222,/
1.105,0.81666667,/
1.119,0.84722222,/
1.133,0.86944444,/
1.147,0.89444444,/
1.162,0.86111111,/
1.176,0.83055556,/
1.190,0.81944444,/
1.204,0.85833333,/
1.218,0.85277778,/
1.232,0.85833333,/
1.247,0.87500000,/
1.261,0.85555556,/
1.276,0.83611111,/
1.290,0.82777778,/
1.303,0.82777778,/
1.317,0.83611111,/
1.331,0.90000000,/
1.346,0.87777778,/
1.361,0.85277778,/
1.375,0.83888889,/
1.389,0.81944444,/
1.403,0.83888889,/
1.417,0.86111111,/
1.431,0.86666667,/
1.445,0.86388889,/
1.460,0.88333333,/
1.474,0.73055556,V
1.487,0.80833333,/
1.500,0.81666667,/
1.514,0.84444444,/
1.528,0.87500000,/
1.542,0.89444444,/
1.557,0.86666667,/
1.572,0.83333333,/
1.586,0.82777778,/
1.599,0.84166667,/
1.613,0.84444444,/
1.627,0.85555556,/
1.642,0.87777778,/
1.656,0.86944444,/
1.671,0.85277778,/
1.685,0.81666667,/
1.699,0.81388889,/
1.712,0.84444444,/
1.726,0.89722222,/
1.741,0.88333333,/
1.756,0.86111111,/
1.770,0.84722222,/
1.784,0.81388889,/
1.798,0.83055556,/
1.812,0.83333333,/
1.826,0.86111111,/
1.840,0.88055556,/
1.855,0.89444444,/
1.870,0.84166667,/
1.884,0.81388889,/
1.897,0.81944444,/
1.911,0.83611111,/
1.925,0.88333333,/
1.940,0.88611111,/
1.954,0.86944444,/
1.969,0.84166667,/
1.983,0.84166667,/
1.997,0.82222222,/
2.011,0.82222222,/
2.024,0.86111111,/
2.039,0.87500000,/
2.053,0.88055556,/
2.068,0.85555556,/
2.082,0.82500000,/
2.096,0.81666667,/
2.110,0.86111111,/
2.124,0.87222222,/
2.138,0.86388889,/
2.153,0.86111111,/
2.167,0.84444444,/
2.181,0.83333333,/
2.195,0.82777778,/
2.209,0.83055556,/
2.223,0.85277778,/
2.237,0.90555556,/
2.252,0.86944444,/
2.267,0.83611111,/
2.281,0.83055556,/
2.294,0.82222222,/
2.308,0.84166667,/
2.322,0.87222222,/
2.337,0.87500000,/
2.351,0.86388889,/
2.366,0.87222222,/
2.380,0.82222222,/
2.394,0.81388889,/
2.407,0.82500000,/
2.421,0.85277778,/
2.435,0.89166667,/
2.450,0.89444444,/
2.465,0.85000000,/
2.479,0.81388889,/
2.493,0.84166667,/
2.507,0.83611111,/
2.521,0.85555556,/
2.535,0.86666667,/
2.550,0.87500000,/
2.564,0.85833333,/
2.578,0.84166667,/
2.592,0.81388889,/
2.606,0.81388889,/
2.620,0.86944444,/
2.634,0.89444444,/
2.649,0.87777778,/
2.664,0.84722222,/
2.678,0.83611111,/
2.692,0.82222222,/
2.705,0.83888889,/
2.719,0.85000000,/
2.734,0.86111111,/
2.748,0.88611111,/
2.763,0.87222222,/
2.777,0.82500000,/
2.791,0.81111111,/
2.804,0.83055556,/
2.818,0.85000000,/
2.833,0.89166667,/
2.847,0.87777778,/
2.862,0.86111111,/
2.876,0.83055556,/
2.890,0.84166667,/
2.904,0.83055556,/
2.918,0.83333333,/
2.932,0.87222222,/
2.946,0.87222222,/
2.961,0.86944444,/
2.976,0.83888889,/
2.989,0.81944444,/
3.003,0.81944444,/
3.017,0.87500000,/
3.031,0.88333333,/
3.046,0.86388889,/
3.061,0.86111111,/
3.075,0.83055556,/
3.089,0.82500000,/
3.102,0.83888889,/
3.116,0.84722222,/
3.131,0.85555556,/
3.145,0.89444444,/
3.160,0.86666667,/
3.174,0.83055556,/
3.188,0.81388889,/
3.202,0.83333333,/
3.215,0.85833333,/
3.230,0.89166667,/
3.245,0.86944444,/
3.259,0.85555556,/
3.273,0.84166667,/
3.287,0.83055556,/
3.301,0.82777778,/
3.315,0.83333333,/
3.329,0.87777778,/
3.344,0.87500000,/
3.358,0.87777778,/
3.373,0.83611111,/
3.387,0.81666667,/
3.400,0.83055556,/
3.414,0.86944444,/
3.429,0.87500000,/
3.443,0.86388889,/
3.458,0.87222222,/
3.472,0.83055556,/
3.486,0.83055556,/
3.500,0.81944444,/
3.514,0.83333333,/
3.527,0.87222222,/
3.542,0.90833333,/
3.557,0.86666667,/
3.572,0.83333333,/
3.585,0.82222222,/
3.599,0.81666667,/
3.613,0.85555556,/
3.627,0.86666667,/
3.641,0.86666667,/
3.656,0.87222222,/
3.670,0.86388889,/
3.685,0.81666667,/
3.698,0.80833333,/
3.712,0.83888889,/
3.726,0.86388889,/
3.740,0.89444444,/
3.755,0.87777778,/
3.770,0.84722222,/
3.784,0.81944444,/
3.798,0.84166667,/
3.812,0.83888889,/
3.826,0.85277778,/
3.840,0.87777778,/
3.854,0.86111111,/
3.869,0.85555556,/
3.883,0.83333333,/
3.897,0.81944444,/
3.911,0.82500000,/
3.924,0.89444444,/
3.939,0.88611111,/
3.954,0.85555556,/
3.968,0.84722222,/
3.982,0.81666667,/
3.996,0.83055556,/
4.010,0.84444444,/
4.024,0.86111111,/
4.038,0.86388889,/
4.053,0.89444444,/
4.068,0.84166667,/
4.082,0.81388889,/
4.095,0.82222222,/
4.109,0.83333333,/
4.123,0.87777778,/
4.137,0.89444444,/
4.152,0.87222222,/
4.167,0.83611111,/
4.181,0.83611111,/
4.195,0.82500000,/
4.208,0.82777778,/
4.222,0.85277778,/
4.236,0.87777778,/
4.251,0.88333333,/
4.266,0.86388889,/
4.280,0.82500000,/
4.294,0.80833333,/
4.307,0.85000000,/
4.322,0.67777778,V
4.333,0.94444444,/
4.349,0.85833333,/
4.363,0.86111111,/
4.377,0.82777778,/
4.391,0.83055556,/
4.405,0.81944444,/
4.419,0.83888889,/
4.433,0.88333333,/
4.447,0.90000000,/
4.462,0.86111111,/
4.477,0.81944444,/
4.490,0.82500000,/
4.504,0.82777778,/
4.518,0.86111111,/
4.532,0.87500000,/
4.547,0.87222222,/
4.561,0.85555556,/
4.576,0.85277778,/
4.590,0.81944444,/
4.603,0.81388889,/
4.617,0.84444444,/
4.631,0.87222222,/
4.646,0.89444444,/
4.661,0.86666667,/
4.675,0.83888889,/
4.689,0.81388889,/
4.703,0.85277778,/
4.717,0.84722222,/
4.731,0.86388889,/
4.745,0.86944444,/
4.760,0.86388889,/
4.774,0.83888889,/
4.788,0.83888889,/
4.802,0.82222222,/
4.816,0.83055556,/
4.830,0.89444444,/
4.845,0.88611111,/
4.859,0.86388889,/
4.874,0.82500000,/
4.888,0.82500000,/
4.901,0.83055556,/
4.915,0.86111111,/
4.929,0.86666667,/
4.944,0.86388889,/
4.958,0.87500000,/
4.973,0.84444444,/
4.987,0.81944444,/
5.001,0.81666667,/
5.014,0.85277778,/
5.028,0.87777778,/
5.043,0.89166667,/
5.058,0.86666667,/
5.072,0.83055556,/
5.086,0.82500000,/
5.100,0.83888889,/
5.114,0.84722222,/
5.128,0.85833333,/
5.142,0.88055556,/
5.157,0.86388889,/
5.171,0.84722222,/
5.186,0.82500000,/
5.199,0.81944444,/
5.213,0.83888889,/
5.227,0.90555556,/
5.242,0.88333333,/
5.257,0.85277778,/
5.271,0.84166667,/
5.285,0.81388889,/
5.299,0.83611111,/
5.312,0.84444444,/
5.327,0.86388889,/
5.341,0.87222222,/
5.356,0.89722222,/
5.370,0.83888889,/
5.384,0.81111111,/
5.398,0.82500000,/
5.412,0.83611111,/
5.426,0.88333333,/
5.440,0.88333333,/
5.455,0.86666667,/
5.470,0.83888889,/
5.484,0.84444444,/
5.498,0.81944444,/
5.511,0.82500000,/
5.525,0.86388889,/
5.539,0.87500000,/
5.554,0.87777778,/
5.569,0.85833333,/
5.583,0.82777778,/
5.597,0.81388889,/
5.610,0.85555556,/
5.625,0.87222222,/
5.639,0.86666667,/
5.654,0.86944444,/
5.668,0.84444444,/
5.682,0.82777778,/
5.696,0.83611111,/
5.710,0.83055556,/
5.724,0.85000000,/
5.738,0.90000000,/
5.753,0.87500000,/
5.767,0.84166667,/
5.781,0.82222222,/
5.795,0.81944444,/
5.809,0.84444444,/
5.823,0.87777778,/
5.838,0.87500000,/
5.852,0.85555556,/
5.866,0.86388889,/
5.881,0.82777778,/
5.895,0.81666667,/
5.908,0.82222222,/
5.922,0.86111111,/
5.936,0.89166667,/
5.951,0.88888889,/
5.966,0.85000000,/
5.980,0.81666667,/
5.994,0.83333333,/
6.008,0.83888889,/
6.022,0.85833333,/
6.036,0.87222222,/
6.050,0.87222222,/
6.065,0.85555556,/
6.079,0.84166667,/
6.093,0.81666667,/
6.107,0.81388889,/
6.120,0.86666667,/
6.135,0.90000000,/
6.150,0.88055556,/
6.164,0.84166667,/
6.179,0.83333333,/
6.192,0.82222222,/
6.206,0.84444444,/
6.220,0.84444444,/
6.234,0.86388889,/
6.249,0.88888889,/
6.263,0.87222222,/
6.278,0.82777778,/
6.292,0.80833333,/
6.305,0.83055556,/
6.319,0.85277778,/
6.333,0.89722222,/
6.348,0.87500000,/
6.363,0.85000000,/
6.377,0.82500000,/
6.391,0.84444444,/
6.405,0.83055556,/
6.419,0.83611111,/
6.433,0.87500000,/
6.447,0.86944444,/
6.462,0.86388889,/
6.476,0.83611111,/
6.490,0.82500000,/
6.504,0.82222222,/
6.518,0.88055556,/
6.532,0.88055556,/
6.547,0.86111111,/
6.561,0.85833333,/
6.576,0.82777778,/
6.589,0.82777778,/
6.603,0.84444444,/
6.617,0.84722222,/
6.631,0.85833333,/
6.646,0.89722222,/
6.661,0.86388889,/
6.675,0.83055556,/
6.689,0.81111111,/
6.702,0.83333333,/
6.716,0.85833333,/
6.731,0.88888889,/
6.745,0.87222222,/
6.760,0.84722222,/
6.774,0.84444444,/
6.788,0.82777778,/
6.802,0.82500000,/
6.816,0.83333333,/
6.829,0.88055556,/
6.844,0.88333333,/
6.859,0.87500000,/
6.873,0.83333333,/
6.887,0.81666667,/
6.901,0.83333333,/
6.915,0.86388889,/
6.929,0.87777778,/
6.944,0.86388889,/
6.958,0.86944444,/
6.973,0.83055556,/
6.987,0.83055556,/
7.000,0.82500000,/
7.014,0.83611111,/
7.028,0.87500000,/
7.043,0.90833333,/
7.058,0.87222222,/
7.072,0.82500000,/
7.086,0.82500000,/
7.100,0.81944444,/
7.114,0.85833333,/
7.128,0.86666667,/
7.142,0.87222222,/
7.157,0.86388889,/
7.171,0.86388889,/
7.186,0.81944444,/
7.199,0.81111111,/
7.213,0.84166667,/
7.227,0.86666667,/
7.241,0.89444444,/
7.256,0.87222222,/
7.271,0.83888889,/
7.285,0.81944444,/
7.298,0.84444444,/
7.312,0.83888889,/
7.326,0.85555556,/
7.341,0.87500000,/
7.355,0.86666667,/
7.370,0.85000000,/
7.384,0.82777778,/
7.398,0.82500000,/
7.411,0.83055556,/
7.425,0.89722222,/
7.440,0.88055556,/
7.455,0.85833333,/
7.469,0.84444444,/
7.483,0.81388889,/
7.497,0.83333333,/
7.511,0.85277778,/
7.525,0.85833333,/
7.539,0.86666667,/
7.554,0.89444444,/
7.569,0.84444444,/
7.583,0.81111111,/
7.596,0.81944444,/
7.610,0.83611111,/
7.624,0.87777778,/
7.638,0.89166667,/
7.653,0.86666667,/
7.668,0.83333333,/
7.682,0.84444444,/
7.696,0.81944444,/
7.709,0.82222222,/
7.723,0.86111111,/
7.737,0.88055556,/
7.752,0.87777778,/
7.767,0.86111111,/
7.781,0.82500000,/
7.795,0.81388889,/
7.808,0.85277778,/
7.823,0.86944444,/
7.837,0.87222222,/
7.852,0.86666667,/
7.866,0.84722222,/
7.880,0.83333333,/
7.894,0.83611111,/
7.908,0.82500000,/
7.922,0.84444444,/
7.936,0.89722222,/
7.951,0.88333333,/
7.966,0.85000000,/
7.980,0.81944444,/
7.993,0.82500000,/
8.007,0.83611111,/
8.021,0.87777778,/
8.036,0.86666667,/
8.050,0.86111111,/
8.064,0.86944444,/
8.079,0.83333333,/
8.093,0.81944444,/
8.106,0.81666667,/
8.120,0.86111111,/
8.134,0.88611111,/
8.149,0.88611111,/
8.164,0.85000000,/
8.178,0.81944444,/
8.192,0.82777778,/
8.206,0.84722222,/
8.220,0.85555556,/
8.234,0.86666667,/
8.248,0.88055556,/
8.263,0.84722222,/
8.277,0.83888889,/
8.291,0.81944444,/
8.305,0.82777778,/
8.319,0.85277778,/
8.333,0.90555556,/
8.348,0.88055556,/
8.363,0.84444444,/
8.377,0.83055556,/
8.391,0.81388889,/
8.404,0.84444444,/
8.418,0.72777778,V
8.430,0.92500000,/
8.446,0.87222222,/
8.460,0.87777778,/
8.475,0.83055556,/
8.489,0.80833333,/
8.502,0.82222222,/
8.516,0.85000000,/
8.530,0.88888889,/
8.545,0.88888889,/
8.560,0.86388889,/
8.574,0.82222222,/
8.588,0.83611111,/
8.602,0.82777778,/
8.616,0.84166667,/
8.630,0.86388889,/
8.644,0.88333333,/
8.659,0.86944444,/
8.673,0.85000000,/
8.687,0.81666667,/
8.701,0.81388889,/
8.715,0.86388889,/
8.729,0.88888889,/
8.744,0.87777778,/
8.758,0.85555556,/
8.773,0.83888889,/
8.787,0.81944444,/
8.800,0.83888889,/
8.814,0.83888889,/
8.828,0.85833333,/
8.843,0.88611111,/
8.857,0.88333333,/
8.872,0.83888889,/
8.886,0.81111111,/
8.900,0.83333333,/
8.913,0.84722222,/
8.928,0.88611111,/
8.942,0.86944444,/
8.957,0.85833333,/
8.971,0.84722222,/
8.985,0.83888889,/
8.999,0.82500000,/
9.013,0.82777778,/
9.027,0.87222222,/
9.041,0.87500000,/
9.056,0.87500000,/
9.070,0.83888889,/
9.084,0.82222222,/
9.098,0.82777778,/
9.112,0.86666667,/
9.126,0.86944444,/
9.141,0.86388889,/
9.155,0.87222222,/
9.170,0.83333333,/
9.184,0.82777778,/
9.197,0.82500000,/
9.211,0.83611111,/
9.225,0.86388889,/
9.240,0.90833333,/
9.255,0.86944444,/
9.269,0.83888889,/
9.283,0.82222222,/
9.297,0.81666667,/
9.311,0.85277778,/
9.325,0.86666667,/
9.339,0.87222222,/
9.354,0.86944444,/
9.368,0.86388889,/
9.383,0.82500000,/
9.396,0.80555556,/
9.410,0.83055556,/
9.424,0.86666667,/
9.438,0.89444444,/
9.453,0.87222222,/
9.467,0.85000000,/
9.482,0.81944444,/
9.495,0.84444444,/
9.509,0.83333333,/
9.523,0.85000000,/
9.537,0.87500000,/
9.552,0.86666667,/
9.566,0.85833333,/
9.581,0.82777778,/
9.595,0.81944444,/
9.608,0.82500000,/
9.622,0.89444444,/
9.637,0.88611111,/
9.652,0.85833333,/
9.666,0.85277778,/
9.680,0.81666667,/
9.694,0.83333333,/
9.708,0.83888889,/
9.722,0.85555556,/
9.736,0.86944444,/
9.750,0.90000000,/
9.765,0.85000000,/
9.780,0.81944444,/
9.793,0.81944444,/
9.807,0.82777778,/
9.821,0.87500000,/
9.835,0.89444444,/
9.850,0.86666667,/
9.865,0.61944444,V
9.875,0.91111111,/
9.890,0.82777778,/
9.904,0.82500000,/
9.918,0.83888889,/
9.932,0.87777778,/
9.946,0.88333333,/
9.961,0.86944444,/
9.976,0.82500000,/
9.989,0.81388889,/
10.003,0.84166667,/
10.017,0.86666667,/
10.031,0.87222222,/
10.046,0.86666667,/
10.060,0.86666667,/
10.075,0.82777778,/
10.089,0.82777778,/
10.102,0.82500000,/
10.116,0.83888889,/
10.130,0.88055556,/
10.145,0.90000000,/
10.160,0.86388889,/
10.174,0.82500000,/
10.188,0.82222222,/
10.202,0.82222222,/
10.215,0.86388889,/
10.230,0.87777778,/
10.244,0.65000000,V
10.255,0.91944444,/
10.270,0.85833333,/
10.285,0.81666667,/
10.298,0.81388889,/
10.312,0.83055556,/
10.326,0.86944444,/
10.340,0.89166667,/
10.355,0.88333333,/
10.370,0.84444444,/
10.384,0.81111111,/
10.397,0.83888889,/
10.411,0.84444444,/
10.426,0.86111111,/
10.440,0.87222222,/
10.454,0.86944444,/
10.469,0.85000000,/
10.483,0.83333333,/
10.497,0.81388889,/
10.511,0.82777778,/
10.524,0.88333333,/
10.539,0.89444444,/
10.554,0.87500000,/
10.569,0.83333333,/
10.582,0.83055556,/
10.596,0.82500000,/
10.610,0.85000000,/
10.624,0.86111111,/
10.639,0.86666667,/
10.653,0.87500000,/
10.668,0.86388889,/
10.682,0.82777778,/
10.696,0.81111111,/
10.709,0.83611111,/
10.723,0.87222222,/
10.738,0.89722222,/
10.753,0.86666667,/
10.767,0.83888889,/
10.781,0.83333333,/
10.795,0.83888889,/
10.809,0.83611111,/
10.823,0.84722222,/
10.837,0.88055556,/
10.852,0.86666667,/
10.866,0.85833333,/
10.880,0.82222222,/
10.894,0.81666667,/
10.908,0.83611111,/
10.922,0.89166667,/
10.937,0.88333333,/
10.951,0.86111111,/
10.966,0.85000000,/
10.980,0.81944444,/
10.993,0.82777778,/
11.007,0.83333333,/
11.021,0.85555556,/
11.035,0.87777778,/
11.050,0.90000000,/
11.065,0.85000000,/
11.079,0.81944444,/
11.093,0.82222222,/
11.107,0.82777778,/
11.120,0.87500000,/
11.135,0.88611111,/
11.150,0.86666667,/
11.164,0.84722222,/
11.178,0.84722222,/
11.192,0.82222222,/
11.206,0.81388889,/
11.220,0.85277778,/
11.234,0.87500000,/
11.248,0.88888889,/
11.263,0.85833333,/
11.278,0.83055556,/
11.291,0.81666667,/
11.305,0.85277778,/
11.319,0.85833333,/
11.334,0.86111111,/
11.348,0.87222222,/
11.362,0.85277778,/
11.377,0.83888889,/
11.391,0.82777778,/
11.404,0.82500000,/
11.418,0.84444444,/
11.432,0.90277778,/
11.447,0.88055556,/
11.462,0.85000000,/
11.476,0.83055556,/
11.490,0.81666667,/
11.504,0.84166667,/
11.518,0.85833333,/
11.532,0.87500000,/
11.547,0.86388889,/
11.561,0.88055556,/
11.576,0.83055556,/
11.589,0.81388889,/
11.603,0.81944444,/
11.617,0.84722222,/
11.631,0.89166667,/
11.646,0.89444444,/
11.661,0.85555556,/
11.675,0.82222222,/
11.689,0.83888889,/
11.703,0.83333333,/
11.716,0.84166667,/
11.730,0.86666667,/
11.745,0.87500000,/
11.759,0.86944444,/
11.774,0.84166667,/
11.788,0.81666667,/
11.802,0.81388889,/
11.815,0.86388889,/
11.830,0.88888889,/
11.844,0.87500000,/
11.859,0.85833333,/
11.873,0.83888889,/
11.887,0.81944444,/
11.901,0.83888889,/
11.915,0.84444444,/
11.929,0.85833333,/
11.943,0.88611111,/
11.958,0.87777778,/
11.973,0.83611111,/
11.987,0.81388889,/
12.000,0.83055556,/
12.014,0.84444444,/
12.028,0.89166667,/
12.043,0.87777778,/
12.058,0.86111111,/
12.072,0.83611111,/
12.086,0.83888889,/
12.100,0.82777778,/
12.114,0.82222222,/
12.127,0.86944444,/
12.142,0.87500000,/
12.156,0.88055556,/
12.171,0.83888889,/
12.185,0.82222222,/
12.199,0.81944444,/
12.212,0.86944444,/
12.227,0.87222222,/
12.241,0.86388889,/
12.256,0.87222222,/
12.270,0.83611111,/
12.284,0.82777778,/
12.298,0.83333333,/
12.312,0.84166667,/
12.326,0.85833333,/
12.340,0.89444444,/
12.355,0.87777778,/
12.370,0.83611111,/
12.384,0.82222222,/
12.398,0.82222222,/
12.411,0.85277778,/
12.425,0.88888889,/
12.440,0.87222222,/
12.455,0.85555556,/
12.469,0.85277778,/
12.483,0.83055556,/
12.497,0.81944444,/
12.511,0.82777778,/
12.525,0.86944444,/
12.539,0.88888889,/
12.554,0.88888889,/
12.569,0.83888889,/
12.583,0.62222222,V
12.593,0.76666667,/
12.606,0.85277778,/
12.620,0.86111111,/
12.634,0.86388889,/
12.649,0.87500000,/
12.663,0.85000000,/
12.678,0.83611111,/
12.691,0.81944444,/
12.705,0.82222222,/
12.719,0.85833333,/
12.733,0.90833333,/
12.748,0.87777778,/
12.763,0.84722222,/
12.777,0.83055556,/
12.791,0.81666667,/
12.804,0.83888889,/
12.818,0.85555556,/
12.833,0.87222222,/
12.847,0.87500000,/
12.862,0.87777778,/
12.876,0.82777778,/
12.890,0.81111111,/
12.904,0.82777778,/
12.918,0.84444444,/
12.932,0.89722222,/
12.947,0.88055556,/
12.961,0.85833333,/
12.976,0.82777778,/
12.989,0.84166667,/
13.003,0.83055556,/
13.017,0.83333333,/
13.031,0.86944444,/
13.046,0.87500000,/
13.060,0.86944444,/
13.075,0.72500000,V
13.087,0.75277778,/
13.099,0.81388889,/
13.113,0.86944444,/
13.127,0.87777778,/
13.142,0.86666667,/
13.156,0.86666667,/
13.171,0.83611111,/
13.185,0.82777778,/
13.199,0.83611111,/
13.213,0.83888889,/
13.227,0.85277778,/
13.241,0.89444444,/
13.256,0.87500000,/
13.270,0.83611111,/
13.284,0.81666667,/
13.298,0.82500000,/
13.312,0.85277778,/
13.326,0.83611111,V
13.340,0.80277778,/
13.353,0.85277778,/
13.367,0.85833333,/
13.382,0.83333333,/
13.395,0.82500000,/
13.409,0.81944444,/
13.423,0.86944444,/
13.437,0.87777778,/
13.452,0.88888889,/
13.467,0.84166667,/
13.481,0.81944444,/
13.494,0.83333333,/
13.508,0.85000000,/
13.523,0.86944444,/
13.537,0.86666667,/
13.551,0.87222222,/
13.566,0.84444444,/
13.580,0.83333333,/
13.594,0.81666667,/
13.608,0.82222222,/
13.621,0.86388889,/
13.636,0.90555556,/
13.651,0.87500000,/
13.665,0.84166667,/
13.679,0.82500000,/
13.693,0.81944444,/
13.707,0.66388889,V
13.718,0.80000000,/
13.731,0.87222222,/
13.746,0.86111111,/
13.760,0.87777778,/
13.775,0.83333333,/
13.789,0.81666667,/
13.802,0.82222222,/
13.816,0.84722222,/
13.830,0.88611111,/
13.845,0.90277778,/
13.860,0.85833333,/
13.874,0.82222222,/
13.888,0.83333333,/
13.902,0.83611111,/
13.916,0.84722222,/
13.930,0.85833333,/
13.944,0.88055556,/
13.959,0.86944444,/
13.973,0.83888889,/
13.987,0.81666667,/
14.001,0.81944444,/
14.015,0.85277778,/
14.029,0.89722222,/
14.044,0.88055556,/
14.058,0.85555556,/
14.073,0.84166667,/
14.087,0.64722222,V
14.097,0.76666667,/
14.110,0.84722222,/
14.124,0.86111111,/
14.139,0.87222222,/
14.153,0.89166667,/
14.168,0.84444444,/
14.182,0.81666667,/
14.196,0.82222222,/
14.209,0.83333333,/
14.223,0.88611111,/
14.238,0.89444444,/
14.253,0.86944444,/
14.268,0.83333333,/
14.281,0.83888889,/
14.295,0.82777778,/
14.309,0.82777778,/
14.323,0.85555556,/
14.337,0.87777778,/
14.352,0.88333333,/
14.367,0.86666667,/
14.381,0.81666667,/
14.395,0.81111111,/
14.408,0.85833333,/
14.422,0.87777778,/
14.437,0.87222222,/
14.452,0.86388889,/
14.466,0.84722222,/
14.480,0.83055556,/
14.494,0.83333333,/
14.508,0.82500000,/
14.522,0.84444444,/
14.536,0.90000000,/
14.551,0.88055556,/
14.565,0.84722222,/
14.580,0.82500000,/
14.593,0.82500000,/
14.607,0.83888889,/
14.621,0.87777778,/
14.636,0.87222222,/
14.650,0.85833333,/
14.664,0.86666667,/
14.679,0.64166667,V
14.690,0.75833333,/
14.702,0.81944444,/
14.716,0.84444444,/
14.730,0.87222222,/
14.745,0.89444444,/
14.759,0.86666667,/
14.774,0.83333333,/
14.788,0.82222222,/
14.801,0.85000000,/
14.816,0.85000000,/
14.830,0.85833333,/
14.844,0.87222222,/
14.859,0.86111111,/
14.873,0.84166667,/
14.887,0.81944444,/
14.901,0.82222222,/
14.914,0.84444444,/
14.928,0.89722222,/
14.943,0.88333333,/
14.958,0.85000000,/
14.972,0.84166667,/
14.986,0.81388889,/
15.000,0.83888889,/
15.014,0.84722222,/
15.028,0.86944444,/
15.043,0.86666667,/
15.057,0.89166667,/
15.072,0.83333333,/
15.086,0.81111111,/
15.099,0.65833333,V
15.110,0.76666667,/
15.123,0.88333333,/
15.138,0.89722222,/
15.153,0.86944444,/
15.167,0.83611111,/
15.181,0.83888889,/
15.195,0.82777778,/
15.209,0.83055556,/
15.223,0.85000000,/
15.237,0.87777778,/
15.251,0.88055556,/
15.266,0.86388889,/
15.281,0.81666667,/
15.294,0.81111111,/
15.308,0.85277778,/
15.322,0.87777778,/
15.337,0.78611111,V
15.350,0.79444444,/
15.363,0.85833333,/
15.377,0.82222222,/
15.391,0.83055556,/
15.405,0.82500000,/
15.418,0.84166667,/
15.432,0.88333333,/
15.447,0.89722222,/
15.462,0.85555556,/
15.476,0.81944444,/
15.490,0.82500000,/
15.504,0.64166667,V
15.515,0.79166667,/
15.528,0.89166667,/
15.543,0.87777778,/
15.557,0.85555556,/
15.571,0.85277778,/
15.586,0.81944444,/
15.599,0.81944444,/
15.613,0.83611111,/
15.627,0.86944444,/
15.641,0.88888889,/
15.656,0.88888889,/
15.671,0.83611111,/
15.685,0.80833333,/
15.698,0.83888889,/
15.712,0.85555556,/
15.727,0.86944444,/
15.741,0.86388889,/
15.756,0.87500000,/
15.770,0.84166667,/
15.784,0.82777778,/
15.798,0.81944444,/
15.812,0.82777778,/
15.825,0.87777778,/
15.840,0.89444444,/
15.855,0.86944444,/
15.869,0.83611111,/
15.883,0.83333333,/
15.897,0.81944444,/
15.911,0.85555556,/
15.925,0.86388889,/
15.940,0.86666667,/
15.954,0.87222222,/
15.969,0.86388889,/
15.983,0.82500000,/
15.997,0.80833333,/
16.010,0.83888889,/
16.024,0.86111111,/
16.039,0.90000000,/
16.054,0.87222222,/
16.068,0.84722222,/
16.082,0.81944444,/
16.096,0.85000000,/
16.110,0.83888889,/
16.124,0.85000000,/
16.138,0.87777778,/
16.153,0.86388889,/
16.167,0.86111111,/
16.182,0.82500000,/
16.195,0.70555556,V
16.207,0.75833333,/
16.220,0.88611111,/
16.234,0.89166667,/
16.249,0.86111111,/
16.264,0.85277778,/
16.278,0.83055556,/
16.292,0.82500000,/
16.306,0.84444444,/
16.320,0.84722222,/
16.334,0.86388889,/
16.348,0.89722222,/
16.363,0.85555556,/
16.377,0.81944444,/
16.391,0.81944444,/
16.405,0.82777778,/
16.418,0.86666667,/
16.433,0.90000000,/
16.448,0.87777778,/
16.462,0.84444444,/
16.477,0.84166667,/
16.491,0.68611111,V
16.502,0.76111111,/
16.515,0.83888889,/
16.529,0.87222222,/
16.543,0.87777778,/
16.558,0.88333333,/
16.573,0.82500000,/
16.586,0.81388889,/
16.600,0.83611111,/
16.614,0.86111111,/
16.628,0.88333333,/
16.643,0.85833333,/
16.657,0.86944444,/
16.672,0.83611111,/
16.686,0.82777778,/
16.699,0.81944444,/
16.713,0.83333333,/
16.727,0.87777778,/
16.742,0.89722222,/
16.757,0.86944444,/
16.771,0.62222222,V
16.781,0.76111111,/
16.794,0.82222222,/
16.808,0.62777778,V
16.818,0.93055556,/
16.834,0.87500000,/
16.848,0.86111111,/
16.863,0.87222222,/
16.877,0.82777778,/
16.891,0.81111111,/
16.905,0.83055556,/
16.918,0.85000000,/
16.933,0.88888889,/
16.947,0.89444444,/
16.962,0.85277778,/
16.977,0.81944444,/
16.990,0.83888889,/
17.004,0.83888889,/
17.018,0.68055556,V
17.029,0.79166667,/
17.043,0.88055556,/
17.057,0.86388889,/
17.072,0.84722222,/
17.086,0.81111111,/
17.099,0.81388889,/
17.113,0.85277778,/
17.127,0.89722222,/
17.142,0.88333333,/
17.157,0.85555556,/
17.171,0.84444444,/
17.185,0.81944444,/
17.199,0.83333333,/
17.213,0.83888889,/
17.227,0.85833333,/
17.241,0.88055556,/
17.256,0.89166667,/
17.271,0.83611111,/
17.284,0.80833333,/
17.298,0.82500000,/
17.312,0.83611111,/
17.326,0.88611111,/
17.340,0.88611111,/
17.355,0.86944444,/
17.370,0.83888889,/
17.384,0.84444444,/
17.398,0.81944444,/
17.411,0.82777778,/
17.425,0.86111111,/
17.440,0.87500000,/
17.454,0.88333333,/
17.469,0.85555556,/
17.483,0.66666667,V
17.494,0.74722222,/
17.507,0.84722222,/
17.521,0.87500000,/
17.535,0.88333333,/
17.550,0.86111111,/
17.564,0.85555556,/
17.579,0.82777778,/
17.593,0.83055556,/
17.606,0.82777778,/
17.620,0.84166667,/
17.634,0.89166667,/
17.649,0.88888889,/
17.664,0.85000000,/
17.678,0.81666667,/
17.692,0.83333333,/
17.706,0.83055556,/
17.719,0.87500000,/
17.734,0.87777778,/
17.749,0.70277778,V
17.760,0.79166667,/
17.773,0.85277778,/
17.788,0.81944444,/
17.801,0.81388889,/
17.815,0.84444444,/
17.829,0.86944444,/
17.843,0.89444444,/
17.858,0.87500000,/
17.873,0.83055556,/
17.887,0.81666667,/
17.900,0.84722222,/
17.915,0.85833333,/
17.929,0.86111111,/
17.943,0.87500000,/
17.958,0.86111111,/
17.972,0.84444444,/
17.986,0.83055556,/
18.000,0.81944444,/
18.014,0.83333333,/
18.028,0.90000000,/
18.043,0.71111111,V
18.054,0.80833333,/
18.068,0.83611111,/
18.082,0.83055556,/
18.096,0.82777778,/
18.109,0.84722222,/
18.124,0.86111111,/
18.138,0.86111111,/
18.152,0.88333333,/
18.167,0.85833333,/
18.181,0.82222222,/
18.195,0.81111111,/
18.209,0.83888889,/
18.223,0.86666667,/
18.237,0.89444444,/
18.252,0.86944444,/
18.266,0.84166667,/
18.280,0.83611111,/
18.294,0.83611111,/
18.308,0.83611111,/
18.322,0.85277778,/
18.336,0.87500000,/
18.351,0.87222222,/
18.366,0.86388889,/
18.380,0.81944444,/
18.394,0.81111111,/
18.407,0.84166667,/
18.421,0.88055556,/
18.436,0.89166667,/
18.451,0.69722222,V
18.462,0.78888889,/
18.475,0.82777778,/
18.489,0.82777778,/
18.503,0.83055556,/
18.517,0.84722222,/
18.531,0.86944444,/
18.546,0.90555556,/
18.561,0.85555556,/
18.575,0.81388889,/
18.588,0.82222222,/
18.602,0.82500000,/
18.616,0.86388889,/
18.630,0.88611111,/
18.645,0.87500000,/
18.660,0.85833333,/
18.674,0.85277778,/
18.688,0.82222222,/
18.702,0.81388889,/
18.715,0.84722222,/
18.730,0.86666667,/
18.744,0.75277778,V
18.757,0.81111111,/
18.770,0.83611111,/
18.784,0.80555556,/
18.797,0.84722222,/
18.812,0.84722222,/
18.826,0.87222222,/
18.840,0.86666667,/
18.855,0.86666667,/
18.869,0.85000000,/
18.883,0.83333333,/
18.897,0.81666667,/
18.911,0.82500000,/
18.924,0.62777778,V
18.935,0.83611111,/
18.949,0.87777778,/
18.964,0.83611111,/
18.977,0.83333333,/
18.991,0.81944444,/
19.005,0.84166667,/
19.019,0.86111111,/
19.033,0.86666667,/
19.048,0.87777778,/
19.062,0.70277778,V
19.074,0.76111111,/
19.087,0.80555556,/
19.100,0.82500000,/
19.114,0.84166667,/
19.128,0.88055556,/
19.143,0.89722222,/
19.158,0.86666667,/
19.172,0.82500000,/
19.186,0.84166667,/
19.200,0.83055556,/
19.214,0.84444444,/
19.228,0.86388889,/
19.242,0.87777778,/
19.257,0.67222222,V
19.268,0.79166667,/
19.281,0.82222222,/
19.295,0.81388889,/
19.309,0.83333333,/
19.322,0.89166667,/
19.337,0.88333333,/
19.352,0.85555556,/
19.366,0.85000000,/
19.380,0.82222222,/
19.394,0.66944444,V
19.405,0.77500000,/
19.418,0.85277778,/
19.432,0.86111111,/
19.447,0.89444444,/
19.462,0.85833333,/
19.476,0.82222222,/
19.490,0.81944444,/
19.503,0.83055556,/
19.517,0.86111111,/
19.532,0.73888889,V
19.544,0.80555556,/
19.557,0.85833333,/
19.572,0.84722222,/
19.586,0.83333333,/
19.600,0.82777778,/
19.613,0.83333333,/
19.627,0.87500000,/
19.642,0.87222222,/
19.656,0.88333333,/
19.671,0.83611111,/
19.685,0.81388889,/
19.699,0.64166667,V
19.709,0.79722222,/
19.723,0.87777778,/
19.737,0.86666667,/
19.752,0.87222222,/
19.766,0.84722222,/
19.780,0.83333333,/
19.794,0.82777778,/
19.808,0.82777778,/
19.822,0.85277778,/
19.836,0.90555556,/
19.851,0.87500000,/
19.866,0.83611111,/
19.880,0.82222222,/
19.893,0.82500000,/
19.907,0.84166667,/
19.921,0.87777778,/
19.936,0.87500000,/
19.950,0.86388889,/
19.965,0.71111111,V
19.977,0.81666667,/
19.990,0.81944444,/
20.004,0.81666667,/
20.017,0.85277778,/
20.032,0.88611111,/
20.046,0.89166667,/
20.061,0.85277778,/
20.076,0.81944444,/
20.089,0.84444444,/
20.103,0.61111111,V
20.113,0.92777778,/
20.129,0.86666667,/
20.143,0.87777778,/
20.158,0.86666667,/
20.172,0.84444444,/
20.186,0.81388889,/
20.200,0.81388889,/
20.214,0.85555556,/
20.228,0.88888889,/
20.243,0.88055556,/
20.257,0.85277778,/
20.272,0.83888889,/
20.286,0.82777778,/
20.299,0.83611111,/
20.313,0.84166667,/
20.327,0.85833333,/
20.342,0.88333333,/
20.356,0.88333333,/
20.371,0.83611111,/
20.385,0.81111111,/
20.399,0.82777778,/
20.412,0.84444444,/
20.426,0.87777778,/
20.441,0.88055556,/
20.456,0.86388889,/
20.470,0.84722222,/
20.484,0.83888889,/
20.498,0.82777778,/
20.512,0.83055556,/
20.526,0.87222222,/
20.540,0.87500000,/
20.555,0.88333333,/
20.570,0.83611111,/
20.584,0.80833333,/
20.597,0.82777778,/
20.611,0.85833333,/
20.625,0.88055556,/
20.640,0.86944444,/
20.654,0.87222222,/
20.669,0.84166667,/
20.697,0.81944444,/
20.710,0.82500000,/
20.739,0.89722222,/
20.754,0.87500000,/
20.768,0.82777778,/
20.782,0.82222222,/
20.796,0.81944444,/
20.809,0.84722222,/
20.824,0.87222222,/
20.838,0.87777778,/
20.853,0.87222222,/
20.867,0.87222222,/
20.882,0.81944444,/
20.896,0.80555556,/
20.909,0.83611111,/
20.923,0.85833333,/
20.937,0.88888889,/
20.952,0.88055556,/
20.967,0.84444444,/
20.981,0.81944444,/
20.994,0.84722222,/
21.009,0.83888889,/
21.023,0.85555556,/
21.037,0.87777778,/
21.051,0.74722222,V
21.064,0.84722222,/
21.078,0.84444444,/
21.092,0.81388889,/
21.106,0.81944444,/
21.119,0.86944444,/
21.134,0.88888889,/
21.149,0.86944444,/
21.163,0.84166667,/
21.177,0.83611111,/
21.191,0.83333333,/
21.205,0.84444444,/
21.219,0.85000000,/
21.233,0.86666667,/
21.248,0.88888889,/
21.262,0.86111111,/
21.277,0.82500000,/
21.291,0.81111111,/
21.304,0.83611111,/
21.318,0.85000000,/
21.332,0.89444444,/
21.347,0.87500000,/
21.362,0.84722222,/
21.376,0.84166667,/
21.390,0.83888889,/
21.404,0.83333333,/
21.418,0.84444444,/
21.432,0.88055556,/
21.446,0.87222222,/
21.461,0.86944444,/
21.475,0.82500000,/
21.489,0.81111111,/
21.503,0.83333333,/
21.517,0.87500000,/
21.531,0.88333333,/
21.546,0.86666667,/
21.560,0.86388889,/
21.575,0.83055556,/
21.589,0.83611111,/
21.602,0.82500000,/
21.616,0.84166667,/
21.630,0.87777778,/
21.645,0.90277778,/
21.660,0.86111111,/
21.674,0.81388889,/
21.688,0.82500000,/
21.702,0.82500000,/
21.715,0.85555556,/
21.730,0.88055556,/
21.744,0.87500000,/
21.759,0.86666667,/
21.773,0.85833333,/
21.788,0.81666667,/
21.801,0.81388889,/
21.815,0.84444444,/
21.829,0.86666667,/
21.843,0.89166667,/
21.858,0.86666667,/
21.873,0.83333333,/
21.887,0.81666667,/
21.900,0.85277778,/
21.914,0.85000000,/
21.929,0.86666667,/
21.943,0.87777778,/
21.958,0.86388889,/
21.972,0.85277778,/
21.986,0.81666667,/
22.000,0.81944444,/
22.013,0.84444444,/
22.028,0.89166667,/
22.042,0.88055556,/
22.057,0.85000000,/
22.071,0.83333333,/
22.085,0.81944444,/
22.099,0.84166667,/
22.113,0.84722222,/
22.127,0.87222222,/
22.141,0.87777778,/
22.156,0.88888889,/
22.171,0.83333333,/
22.185,0.80277778,/
22.198,0.82777778,/
22.212,0.83611111,/
22.226,0.88333333,/
22.241,0.88055556,/
22.255,0.86111111,/
22.270,0.84166667,/
22.284,0.84722222,/
22.298,0.82777778,/
22.312,0.83055556,/
22.325,0.87500000,/
22.340,0.86944444,/
22.355,0.88055556,/
22.369,0.84722222,/
22.383,0.81388889,/
22.397,0.81388889,/
22.410,0.86666667,/
22.425,0.87222222,/
22.439,0.86388889,/
22.454,0.86944444,/
22.468,0.84444444,/
22.482,0.83611111,/
22.496,0.82777778,/
22.510,0.83333333,/
22.524,0.86388889,/
22.538,0.90277778,/
22.553,0.86944444,/
22.568,0.83055556,/
22.582,0.81944444,/
22.595,0.81666667,/
22.609,0.84444444,/
22.623,0.87500000,/
22.638,0.87777778,/
22.652,0.86388889,/
22.667,0.86944444,/
22.681,0.82500000,/
22.695,0.81111111,/
22.709,0.83333333,/
22.722,0.86111111,/
22.737,0.88611111,/
22.752,0.88611111,/
22.766,0.84722222,/
22.780,0.80833333,/
22.794,0.83888889,/
22.808,0.83888889,/
22.822,0.86388889,/
22.836,0.87500000,/
22.851,0.87222222,/
22.865,0.86111111,/
22.880,0.84722222,/
22.894,0.81388889,/
22.907,0.81944444,/
22.921,0.87222222,/
22.936,0.89166667,/
22.950,0.86944444,/
22.965,0.83611111,/
22.979,0.82777778,/
22.993,0.82777778,/
23.006,0.84444444,/
23.021,0.85833333,/
23.035,0.65555556,V
23.046,0.81111111,/
23.059,0.88888889,/
23.074,0.82500000,/
23.088,0.80555556,/
23.101,0.83055556,/
23.115,0.84444444,/
23.129,0.88333333,/
23.144,0.88611111,/
23.159,0.85833333,/
23.173,0.82777778,/
23.187,0.84444444,/
23.201,0.83333333,/
23.215,0.83888889,/
23.229,0.87777778,/
23.243,0.87222222,/
23.258,0.87777778,/
23.273,0.84444444,/
23.287,0.68333333,V
23.298,0.74444444,/
23.310,0.85555556,/
23.325,0.88055556,/
23.339,0.87777778,/
23.354,0.85833333,/
23.368,0.84722222,/
23.382,0.83055556,/
23.396,0.84166667,/
23.410,0.83333333,/
23.424,0.76944444,V
23.437,0.87222222,/
23.452,0.88611111,/
23.466,0.84444444,/
23.480,0.81111111,/
23.494,0.82222222,/
23.508,0.83611111,/
23.522,0.87777778,/
23.536,0.87222222,/
23.551,0.86111111,/
23.565,0.59444444,V
23.575,0.84722222,/
23.589,0.82222222,/
23.603,0.81944444,/
23.616,0.85277778,/
23.631,0.86944444,/
23.645,0.75833333,V
23.658,0.80555556,/
23.671,0.83055556,/
23.685,0.68333333,V
23.696,0.76944444,/
23.709,0.84444444,/
23.723,0.86388889,/
23.738,0.66388889,V
23.749,0.80555556,/
23.762,0.85555556,/
23.776,0.84722222,/
23.791,0.61388889,V
23.801,0.76111111,/
23.814,0.72777778,V
23.826,0.81666667,/
23.839,0.87777778,/
23.854,0.86111111,/
23.868,0.83611111,/
23.882,0.81666667,/
23.896,0.83055556,/
23.910,0.85277778,/
23.924,0.86666667,/
23.938,0.86944444,/
23.953,0.89166667,/
23.968,0.85000000,/
23.982,0.81666667,/
23.995,0.81666667,/
24.009,0.83333333,/
24.023,0.87500000,/
24.038,0.89166667,/
24.052,0.86388889,/
24.067,0.83611111,/
24.081,0.83888889,/
24.095,0.82777778,/
24.108,0.82777778,/
24.122,0.86666667,/
24.137,0.88333333,/
24.151,0.88055556,/
24.166,0.86388889,/
24.181,0.82222222,/
24.194,0.79722222,/
24.207,0.85000000,/
24.222,0.87222222,/
24.236,0.87500000,/
24.251,0.85833333,/
24.265,0.85000000,/
24.279,0.83055556,/
24.293,0.84444444,/
24.307,0.82500000,/
24.321,0.85277778,/
24.335,0.90277778,/
24.350,0.88055556,/
24.365,0.84444444,/
24.379,0.81666667,/
24.393,0.81944444,/
24.406,0.83611111,/
24.420,0.87222222,/
24.435,0.87222222,/
24.449,0.86111111,/
24.464,0.86388889,/
24.478,0.84166667,/
24.492,0.82500000,/
24.506,0.82222222,/
24.519,0.86666667,/
24.534,0.88055556,/
24.549,0.88611111,/
24.563,0.85000000,/
24.578,0.81388889,/
24.591,0.82500000,/
24.605,0.84166667,/
24.619,0.86111111,/
24.633,0.87222222,/
24.648,0.87777778,/
24.662,0.85277778,/
24.677,0.84444444,/
24.691,0.82500000,/
24.704,0.82222222,/
24.718,0.86111111,/
24.732,0.90000000,/
24.747,0.87500000,/
24.762,0.83888889,/
24.776,0.82222222,/
24.790,0.81388889,/
24.803,0.84444444,/
24.817,0.85277778,/
24.832,0.88055556,/
24.846,0.87777778,/
24.861,0.88333333,/
24.876,0.82777778,/
24.889,0.81111111,/
24.903,0.83333333,/
24.917,0.84722222,/
24.931,0.88888889,/
24.946,0.88055556,/
24.960,0.85555556,/
24.975,0.81944444,/
24.988,0.84444444,/
25.002,0.83055556,/
25.016,0.83888889,/
25.030,0.63611111,V
25.041,0.82500000,/
25.055,0.87500000,/
25.069,0.86111111,/
25.084,0.81666667,/
25.097,0.80555556,/
25.111,0.85277778,/
25.125,0.77777778,V
25.138,0.86388889,/
25.152,0.85555556,/
25.166,0.85277778,/
25.181,0.81944444,/
25.194,0.83611111,/
25.208,0.83055556,/
25.222,0.86111111,/
25.236,0.89444444,/
25.251,0.89166667,/
25.266,0.85555556,/
25.280,0.81111111,/
25.294,0.81944444,/
25.308,0.83333333,/
25.321,0.87222222,/
25.336,0.87222222,/
25.351,0.86666667,/
25.365,0.85277778,/
25.379,0.84444444,/
25.393,0.82500000,/
25.407,0.82500000,/
25.421,0.86944444,/
25.435,0.88333333,/
25.450,0.88333333,/
25.465,0.84444444,/
25.479,0.81666667,/
25.492,0.82222222,/
25.506,0.85000000,/
25.520,0.86388889,/
25.535,0.86666667,/
25.549,0.87222222,/
25.564,0.84722222,/
25.578,0.84722222,/
25.592,0.82500000,/
25.606,0.82222222,/
25.619,0.86666667,/
25.634,0.90000000,/
25.649,0.62500000,V
25.659,0.78055556,/
25.672,0.82777778,/
25.686,0.81388889,/
25.700,0.83611111,/
25.714,0.85000000,/
25.728,0.87222222,/
25.742,0.87222222,/
25.757,0.89166667,/
25.772,0.83888889,/
25.786,0.80555556,/
25.799,0.82500000,/
25.813,0.84722222,/
25.827,0.88888889,/
25.842,0.77222222,V
25.855,0.79722222,/
25.868,0.83055556,/
25.882,0.83611111,/
25.896,0.82500000,/
25.909,0.83055556,/
25.923,0.86388889,/
25.938,0.74166667,V
25.950,0.86944444,/
25.964,0.86666667,/
25.979,0.82500000,/
25.993,0.80833333,/
26.006,0.84166667,/
26.020,0.87500000,/
26.035,0.87777778,/
26.049,0.85833333,/
26.064,0.85277778,/
26.078,0.82777778,/
26.092,0.83888889,/
26.106,0.82500000,/
26.119,0.84444444,/
26.134,0.90000000,/
26.149,0.89166667,/
26.163,0.85277778,/
26.178,0.81944444,/
26.191,0.82222222,/
26.205,0.82777778,/
26.219,0.86944444,/
26.233,0.86944444,/
26.248,0.65000000,V
26.259,0.80000000,/
26.272,0.85555556,/
26.286,0.82222222,/
26.300,0.81666667,/
26.313,0.84722222,/
26.328,0.66944444,V
26.339,0.82222222,/
26.352,0.88888889,/
26.367,0.84444444,/
26.381,0.81111111,/
26.395,0.83055556,/
26.409,0.61666667,V
26.419,0.79722222,/
26.432,0.86666667,/
26.447,0.87500000,/
26.461,0.85277778,/
26.476,0.84166667,/
26.490,0.65555556,V
26.500,0.76944444,/
26.513,0.83888889,/
26.527,0.90000000,/
26.542,0.88055556,/
26.557,0.85277778,/
26.571,0.83055556,/
26.585,0.81111111,/
26.599,0.83333333,/
26.612,0.85833333,/
26.627,0.87222222,/
26.641,0.86388889,/
26.656,0.88611111,/
26.670,0.83611111,/
26.684,0.81944444,/
26.698,0.82500000,/
26.712,0.84722222,/
26.726,0.88333333,/
26.741,0.89166667,/
26.755,0.86111111,/
26.770,0.82500000,/
26.784,0.83055556,/
26.797,0.83333333,/
26.811,0.84166667,/
26.825,0.86111111,/
26.840,0.88611111,/
26.854,0.87777778,/
26.869,0.85833333,/
26.883,0.81944444,/
26.897,0.81111111,/
26.911,0.85555556,/
26.925,0.88611111,/
26.940,0.87500000,/
26.954,0.85277778,/
26.968,0.85000000,/
26.983,0.82222222,/
26.996,0.83611111,/
27.010,0.83333333,/
27.024,0.85555556,/
27.038,0.89722222,/
27.053,0.88888889,/
27.068,0.84444444,/
27.082,0.81111111,/
27.096,0.82500000,/
27.109,0.84166667,/
27.123,0.88333333,/
27.138,0.86666667,/
27.153,0.85555556,/
27.167,0.85555556,/
27.181,0.83333333,/
27.195,0.82500000,/
27.209,0.82777778,/
27.223,0.87222222,/
27.237,0.88611111,/
27.252,0.88611111,/
27.267,0.84166667,/
27.281,0.81666667,/
27.294,0.82777778,/
27.308,0.85000000,/
27.322,0.86666667,/
27.337,0.86666667,/
27.351,0.86944444,/
27.366,0.85000000,/
27.380,0.83888889,/
27.394,0.81944444,/
27.407,0.82500000,/
27.421,0.87777778,/
27.436,0.89722222,/
27.451,0.86944444,/
27.465,0.83611111,/
27.479,0.83055556,/
27.493,0.81944444,/
27.507,0.84444444,/
27.521,0.85555556,/
27.535,0.86388889,/
27.549,0.88333333,/
27.564,0.86111111,/
27.579,0.82500000,/
27.592,0.81111111,/
27.606,0.83888889,/
27.620,0.86666667,/
27.634,0.90000000,/
27.649,0.86666667,/
27.664,0.84166667,/
27.678,0.83055556,/
27.692,0.83055556,/
27.705,0.83055556,/
27.719,0.84722222,/
27.733,0.88333333,/
27.748,0.87500000,/
27.763,0.86944444,/
27.777,0.82500000,/
27.791,0.81388889,/
27.804,0.83888889,/
27.818,0.88055556,/
27.833,0.88611111,/
27.848,0.85555556,/
27.862,0.85555556,/
27.876,0.82222222,/
27.890,0.83333333,/
27.904,0.82222222,/
27.918,0.84166667,/
27.932,0.89166667,/
27.947,0.89444444,/
27.961,0.85555556,/
27.976,0.81944444,/
27.989,0.82777778,/
28.003,0.83055556,/
28.017,0.86666667,/
28.031,0.87222222,/
28.046,0.86666667,/
28.060,0.85833333,/
28.075,0.84722222,/
28.089,0.81944444,/
28.103,0.81666667,/
28.116,0.85277778,/
28.130,0.87500000,/
28.145,0.89444444,/
28.160,0.86111111,/
28.174,0.83055556,/
28.188,0.82222222,/
28.202,0.85000000,/
28.216,0.85277778,/
28.230,0.86388889,/
28.245,0.87222222,/
28.259,0.85277778,/
28.273,0.84166667,/
28.287,0.82777778,/
28.301,0.82500000,/
28.315,0.84166667,/
28.329,0.90833333,/
28.344,0.88055556,/
28.359,0.84722222,/
28.373,0.83055556,/
28.387,0.81944444,/
28.400,0.83611111,/
28.414,0.85277778,/
28.428,0.87222222,/
28.443,0.86666667,/
28.457,0.88611111,/
28.472,0.83055556,/
28.486,0.80833333,/
28.500,0.83333333,/
28.513,0.84722222,/
28.528,0.88888889,/
28.542,0.89444444,/
28.557,0.86111111,/
28.572,0.82500000,/
28.585,0.83611111,/
28.599,0.82777778,/
28.613,0.84166667,/
28.627,0.86388889,/
28.642,0.63611111,V
28.652,0.80833333,/
28.666,0.86111111,/
28.680,0.81666667,/
28.694,0.81388889,/
28.707,0.84444444,/
28.721,0.88888889,/
28.736,0.88888889,/
28.751,0.85555556,/
28.765,0.85277778,/
28.779,0.82222222,/
28.793,0.83055556,/
28.807,0.82777778,/
28.821,0.85277778,/
28.835,0.63611111,V
28.845,0.84722222,/
28.860,0.85555556,/
28.874,0.81388889,/
28.887,0.82777778,/
28.901,0.82500000,/
28.915,0.86388889,/
28.929,0.88333333,/
28.944,0.64722222,V
28.955,0.79166667,/
28.968,0.85555556,/
28.982,0.82222222,/
28.996,0.81944444,/
29.010,0.83333333,/
29.024,0.87222222,/
29.038,0.88611111,/
29.053,0.63888889,V
29.064,0.78611111,/
29.077,0.82777778,/
29.090,0.82777778,/
29.104,0.85000000,/
29.118,0.86111111,/
29.133,0.86944444,/
29.147,0.86944444,/
29.162,0.85000000,/
29.176,0.83888889,/
29.190,0.81944444,/
29.204,0.81944444,/
29.217,0.85833333,/
29.231,0.90555556,/
29.247,0.88055556,/
29.261,0.84166667,/
29.275,0.70277778,V
29.287,0.75555556,/
29.300,0.83888889,/
29.314,0.85277778,/
29.328,0.86666667,/
29.342,0.86944444,/
29.357,0.89166667,/
29.372,0.82777778,/
29.385,0.80833333,/
29.399,0.82777778,/
29.413,0.84166667,/
29.427,0.88888889,/
29.441,0.69166667,V
29.453,0.80833333,/
29.466,0.83055556,/
29.480,0.84166667,/
29.494,0.82500000,/
29.508,0.82777778,/
29.522,0.86388889,/
29.536,0.87222222,/
29.551,0.88055556,/
29.566,0.86111111,/
29.580,0.81944444,/
29.594,0.80833333,/
29.607,0.85277778,/
29.621,0.87500000,/
29.636,0.87777778,/
29.650,0.86111111,/
29.665,0.84722222,/
29.679,0.83611111,/
29.693,0.83333333,/
29.707,0.82500000,/
29.720,0.84444444,/
29.735,0.90277778,/
29.750,0.87500000,/
29.764,0.84444444,/
29.778,0.81944444,/
29.792,0.82500000,/
29.806,0.83888889,/
29.820,0.88055556,/
29.834,0.87777778,/
29.849,0.85555556,/
29.863,0.86944444,/
29.878,0.82777778,/
29.891,0.81388889,/
29.905,0.58888889,V
29.915,0.78888889,/
29.928,0.86666667,/
29.942,0.89166667,/
29.957,0.86666667,/
29.972,0.65000000,V
29.983,0.75277778,/
29.995,0.84722222,/
30.009,0.84166667,/
30.023,0.86666667,/
30.038,0.87222222,/
30.052,0.86666667,/
30.067,0.85277778,/
